0,273
0,270
149,35
10,9
10,267
10,211
10,181
10,83
10,313
10,213
9,7
9,2
9,3
8,12
8,9
8,17
8,8
8,10
143,5
143,4
143,3
143,2
143,1
143,0
124,5
124,4
124,3
124,2
124,1
124,0
121,4
121,3
121,2
121,1
121,0
108,3
108,2
108,1
108,0
107,4
107,3
107,2
107,1
107,0
106,4
106,3
106,2
106,1
106,0
29,3
29,2
29,1
20,3
20,2
20,1
19,3
19,2
19,1
12,3
12,2
12,1
11,30
11,29
11,28
11,27
11,26
11,25
11,24
11,23
11,22
11,21
11,20
11,19
11,18
11,17
11,16
11,15
11,14
11,13
11,12
11,11
11,10
11,9
11,8
11,7
11,6
11,5
11,4
11,3
11,2
11,1
10,317
10,312
10,311
10,309
10,306
10,304
10,303
10,301
10,299
10,297
10,295
10,293
10,291
10,285
10,266
10,253
10,246
10,236
10,227
10,215
10,208
10,201
10,191
10,157
10,151
18,1
18,3
10,147
14,1
